Repeat,VAR2,Point,CH1 Voltage,CH1 Current,CH2 Voltage,CH2 Current
1,1,1,-150.00000E+000,-2.70100E-009,10.00030E-003,17.89530E-006
1,1,2,-149.00000E+000,-1.14800E-009,9.99820E-003,17.81340E-006
1,1,3,-148.00000E+000,-453.00000E-012,10.00050E-003,17.71980E-006
1,1,4,-147.00000E+000,-273.00000E-012,10.00080E-003,17.63640E-006
1,1,5,-146.00000E+000,-88.00000E-012,10.00090E-003,17.55400E-006
1,1,6,-145.00000E+000,-63.00000E-012,10.00110E-003,17.47730E-006
1,1,7,-144.00000E+000,-139.00000E-012,9.99950E-003,17.39710E-006
1,1,8,-143.00000E+000,149.00000E-012,10.00000E-003,17.31190E-006
1,1,9,-142.00000E+000,214.00000E-012,9.99980E-003,17.23100E-006
1,1,10,-141.00000E+000,106.00000E-012,10.00040E-003,17.14930E-006
1,1,11,-140.00000E+000,384.00000E-012,9.99950E-003,17.07550E-006
1,1,12,-139.00000E+000,27.00000E-012,9.99880E-003,16.99860E-006
1,1,13,-138.00000E+000,434.00000E-012,9.99890E-003,16.91700E-006
1,1,14,-137.00000E+000,484.00000E-012,9.99910E-003,16.83690E-006
1,1,15,-136.00000E+000,648.00000E-012,10.00000E-003,16.75940E-006
1,1,16,-135.00000E+000,498.00000E-012,10.00040E-003,16.68580E-006
1,1,17,-134.00000E+000,749.00000E-012,10.00020E-003,16.60950E-006
1,1,18,-133.00000E+000,755.00000E-012,9.99970E-003,16.53040E-006
1,1,19,-132.00000E+000,782.00000E-012,9.99930E-003,16.44880E-006
1,1,20,-131.00000E+000,748.00000E-012,9.99950E-003,16.36770E-006
1,1,21,-130.00000E+000,862.00000E-012,10.00010E-003,16.28540E-006
1,1,22,-129.00000E+000,867.00000E-012,9.99980E-003,16.20790E-006
1,1,23,-128.00000E+000,846.00000E-012,9.99820E-003,16.13270E-006
1,1,24,-127.00000E+000,1.02600E-009,9.99970E-003,16.04830E-006
1,1,25,-126.00000E+000,1.57900E-009,9.99950E-003,15.96520E-006
1,1,26,-125.00000E+000,1.09500E-009,10.00110E-003,15.88940E-006
1,1,27,-124.00000E+000,1.13600E-009,9.99970E-003,15.81770E-006
1,1,28,-123.00000E+000,662.00000E-012,9.99980E-003,15.73080E-006
1,1,29,-122.00000E+000,1.14900E-009,9.99930E-003,15.65020E-006
1,1,30,-121.00000E+000,1.28900E-009,10.00000E-003,15.56450E-006
1,1,31,-120.00000E+000,1.18800E-009,10.00100E-003,15.47830E-006
1,1,32,-119.00000E+000,1.35700E-009,10.00000E-003,15.39690E-006
1,1,33,-118.00000E+000,1.37200E-009,10.00020E-003,15.31690E-006
1,1,34,-117.00000E+000,1.39900E-009,9.99950E-003,15.23060E-006
1,1,35,-116.00000E+000,1.40200E-009,9.99970E-003,15.14000E-006
1,1,36,-115.00000E+000,1.33900E-009,10.00030E-003,15.12690E-006
1,1,37,-114.00000E+000,1.12600E-009,9.99990E-003,15.02750E-006
1,1,38,-113.00000E+000,896.00000E-012,9.99970E-003,14.93130E-006
1,1,39,-112.00000E+000,1.39600E-009,10.00120E-003,14.83050E-006
1,1,40,-111.00000E+000,1.54900E-009,9.99930E-003,14.74520E-006
1,1,41,-110.00000E+000,1.59800E-009,10.00040E-003,14.65170E-006
1,1,42,-109.00000E+000,1.63500E-009,9.99950E-003,14.55910E-006
1,1,43,-108.00000E+000,1.52800E-009,9.99900E-003,14.45920E-006
1,1,44,-107.00000E+000,1.70400E-009,10.00030E-003,14.36730E-006
1,1,45,-106.00000E+000,1.75100E-009,9.99950E-003,14.27510E-006
1,1,46,-105.00000E+000,1.77900E-009,9.99870E-003,14.18130E-006
1,1,47,-104.00000E+000,1.89700E-009,9.99980E-003,14.08020E-006
1,1,48,-103.00000E+000,1.90300E-009,9.99920E-003,13.98780E-006
1,1,49,-102.00000E+000,1.84500E-009,10.00030E-003,13.88460E-006
1,1,50,-101.00000E+000,1.92300E-009,10.00000E-003,13.78850E-006
1,1,51,-100.00000E+000,1.86500E-009,10.00050E-003,13.69160E-006
1,1,52,-99.00000E+000,1.97300E-009,9.99970E-003,13.58540E-006
1,1,53,-98.00000E+000,1.64000E-009,9.99870E-003,13.48470E-006
1,1,54,-97.00000E+000,2.09200E-009,10.00100E-003,13.38120E-006
1,1,55,-96.00000E+000,2.10300E-009,9.99990E-003,13.28240E-006
1,1,56,-95.00000E+000,1.83100E-009,10.00060E-003,13.18010E-006
1,1,57,-94.00000E+000,2.05900E-009,9.99970E-003,13.07090E-006
1,1,58,-93.00000E+000,2.13700E-009,10.00010E-003,12.95760E-006
1,1,59,-92.00000E+000,2.14700E-009,10.00030E-003,12.85560E-006
1,1,60,-91.00000E+000,2.26400E-009,10.00030E-003,12.74940E-006
1,1,61,-90.00000E+000,2.33800E-009,9.99960E-003,12.63960E-006
1,1,62,-89.00000E+000,2.10300E-009,10.00060E-003,12.52050E-006
1,1,63,-88.00000E+000,2.25500E-009,9.99950E-003,12.40860E-006
1,1,64,-87.00000E+000,2.32500E-009,10.00000E-003,12.29930E-006
1,1,65,-86.00000E+000,2.33400E-009,9.99940E-003,12.18680E-006
1,1,66,-85.00000E+000,2.35100E-009,9.99870E-003,12.07050E-006
1,1,67,-84.00000E+000,2.41100E-009,10.00020E-003,11.94940E-006
1,1,68,-83.00000E+000,2.37900E-009,9.99950E-003,11.82560E-006
1,1,69,-82.00000E+000,2.41400E-009,9.99970E-003,11.79170E-006
1,1,70,-81.00000E+000,2.02100E-009,10.00000E-003,11.65750E-006
1,1,71,-80.00000E+000,1.77800E-009,10.00030E-003,11.52650E-006
1,1,72,-79.00000E+000,2.36900E-009,10.00120E-003,11.39390E-006
1,1,73,-78.00000E+000,2.45100E-009,9.99890E-003,11.26820E-006
1,1,74,-77.00000E+000,2.49800E-009,9.99900E-003,11.13490E-006
1,1,75,-76.00000E+000,2.48300E-009,9.99950E-003,11.00890E-006
1,1,76,-75.00000E+000,2.47900E-009,9.99880E-003,10.87120E-006
1,1,77,-74.00000E+000,2.54700E-009,9.99940E-003,10.73270E-006
1,1,78,-73.00000E+000,2.67400E-009,9.99810E-003,10.60180E-006
1,1,79,-72.00000E+000,2.60400E-009,10.00000E-003,10.46830E-006
1,1,80,-71.00000E+000,2.63100E-009,10.00010E-003,10.33660E-006
1,1,81,-70.00000E+000,2.69400E-009,9.99930E-003,10.20020E-006
1,1,82,-69.00000E+000,2.63200E-009,9.99840E-003,10.06300E-006
1,1,83,-68.00000E+000,2.22900E-009,9.99940E-003,9.92980E-006
1,1,84,-67.00000E+000,2.64500E-009,9.99950E-003,9.79710E-006
1,1,85,-66.00000E+000,2.58700E-009,10.00010E-003,9.66510E-006
1,1,86,-65.00000E+000,2.78400E-009,9.99900E-003,9.52720E-006
1,1,87,-64.00000E+000,2.84600E-009,9.99930E-003,9.39130E-006
1,1,88,-63.00000E+000,2.75400E-009,10.00000E-003,9.26010E-006
1,1,89,-62.00000E+000,2.72200E-009,9.99880E-003,9.13210E-006
1,1,90,-61.00000E+000,2.85700E-009,9.99910E-003,9.00490E-006
1,1,91,-60.00000E+000,2.88900E-009,9.99980E-003,8.88629E-006
1,1,92,-59.00000E+000,2.78800E-009,9.99990E-003,8.75839E-006
1,1,93,-58.00000E+000,2.88800E-009,9.99950E-003,8.63729E-006
1,1,94,-57.00000E+000,2.87000E-009,10.00010E-003,8.51779E-006
1,1,95,-56.00000E+000,2.90900E-009,9.99860E-003,8.40387E-006
1,1,96,-55.00000E+000,2.97900E-009,9.99970E-003,8.29559E-006
1,1,97,-54.00000E+000,2.92000E-009,9.99900E-003,8.18338E-006
1,1,98,-53.00000E+000,2.55800E-009,9.99970E-003,8.07866E-006
1,1,99,-52.00000E+000,3.22300E-009,9.99970E-003,7.98132E-006
1,1,100,-51.00000E+000,3.08500E-009,10.00160E-003,7.88797E-006
1,1,101,-50.00000E+000,3.06800E-009,9.99900E-003,7.79772E-006
1,1,102,-49.00000E+000,3.04300E-009,10.00040E-003,7.81074E-006
1,1,103,-48.00000E+000,2.68000E-009,9.99950E-003,7.71236E-006
1,1,104,-47.00000E+000,2.87700E-009,9.99910E-003,7.61963E-006
1,1,105,-46.00000E+000,2.93700E-009,10.00030E-003,7.53764E-006
1,1,106,-45.00000E+000,3.09100E-009,9.99990E-003,7.46411E-006
1,1,107,-44.00000E+000,3.12100E-009,9.99910E-003,7.39236E-006
1,1,108,-43.00000E+000,3.06300E-009,9.99930E-003,7.33035E-006
1,1,109,-42.00000E+000,3.13000E-009,9.99880E-003,7.26602E-006
1,1,110,-41.00000E+000,3.14800E-009,9.99930E-003,7.20735E-006
1,1,111,-40.00000E+000,3.08100E-009,10.00000E-003,7.15659E-006
1,1,112,-39.00000E+000,3.11400E-009,9.99980E-003,7.11136E-006
1,1,113,-38.00000E+000,2.74700E-009,10.00030E-003,7.06928E-006
1,1,114,-37.00000E+000,3.54600E-009,9.99950E-003,7.02798E-006
1,1,115,-36.00000E+000,3.29100E-009,9.99920E-003,6.99148E-006
1,1,116,-35.00000E+000,3.05800E-009,10.00040E-003,6.96030E-006
1,1,117,-34.00000E+000,3.24200E-009,10.00010E-003,6.93278E-006
1,1,118,-33.00000E+000,3.19400E-009,9.99930E-003,6.90879E-006
1,1,119,-32.00000E+000,3.31200E-009,9.99920E-003,6.88613E-006
1,1,120,-31.00000E+000,3.30100E-009,9.99950E-003,6.86565E-006
1,1,121,-30.00000E+000,3.32900E-009,10.00050E-003,6.84848E-006
1,1,122,-29.00000E+000,3.36100E-009,9.99960E-003,6.83778E-006
1,1,123,-28.00000E+000,3.36300E-009,9.99980E-003,6.82752E-006
1,1,124,-27.00000E+000,3.01400E-009,9.99960E-003,6.81698E-006
1,1,125,-26.00000E+000,3.37700E-009,9.99950E-003,6.81240E-006
1,1,126,-25.00000E+000,3.59200E-009,9.99970E-003,6.81152E-006
1,1,127,-24.00000E+000,3.02800E-009,9.99980E-003,6.81213E-006
1,1,128,-23.00000E+000,3.51700E-009,9.99880E-003,6.81124E-006
1,1,129,-22.00000E+000,3.42200E-009,10.00080E-003,6.81512E-006
1,1,130,-21.00000E+000,3.50500E-009,9.99920E-003,6.81720E-006
1,1,131,-20.00000E+000,3.51100E-009,10.00050E-003,6.82505E-006
1,1,132,-19.00000E+000,3.57300E-009,10.00020E-003,6.83415E-006
1,1,133,-18.00000E+000,3.09500E-009,9.99850E-003,6.84420E-006
1,1,134,-17.00000E+000,3.49600E-009,9.99980E-003,6.85266E-006
1,1,135,-16.00000E+000,3.57600E-009,9.99960E-003,6.86858E-006
1,1,136,-15.00000E+000,3.20300E-009,10.00070E-003,6.88395E-006
1,1,137,-14.00000E+000,3.11400E-009,10.00020E-003,6.89851E-006
1,1,138,-13.00000E+000,3.46500E-009,10.00000E-003,6.91369E-006
1,1,139,-12.00000E+000,3.46600E-009,10.00040E-003,6.93492E-006
1,1,140,-11.00000E+000,3.61700E-009,10.00060E-003,6.95407E-006
1,1,141,-10.00000E+000,3.61000E-009,10.00070E-003,6.97012E-006
1,1,142,-9.00000E+000,3.56500E-009,10.00060E-003,6.98737E-006
1,1,143,-8.00000E+000,3.62100E-009,10.00050E-003,7.00484E-006
1,1,144,-7.00000E+000,3.60000E-009,10.00040E-003,7.02235E-006
1,1,145,-6.00000E+000,3.58900E-009,9.99960E-003,7.04279E-006
1,1,146,-5.00000E+000,3.69600E-009,10.00040E-003,7.06573E-006
1,1,147,-4.00000E+000,3.77000E-009,9.99940E-003,7.08491E-006
1,1,148,-3.00000E+000,3.73900E-009,10.00090E-003,7.10556E-006
1,1,149,-2.00000E+000,3.71500E-009,9.99900E-003,7.12323E-006
1,1,150,-999.99900E-003,3.76200E-009,9.99980E-003,7.14782E-006
1,1,151,1.30000E-006,4.00700E-009,9.99970E-003,7.16950E-006
1,1,152,1.00000E+000,3.94500E-009,10.00040E-003,7.18976E-006
1,1,153,2.00000E+000,3.63500E-009,9.99940E-003,7.21087E-006
1,1,154,3.00000E+000,3.95900E-009,10.00030E-003,7.23185E-006
1,1,155,4.00000E+000,3.89800E-009,10.00070E-003,7.25396E-006
1,1,156,5.00000E+000,3.72000E-009,9.99990E-003,7.27737E-006
1,1,157,6.00000E+000,3.86100E-009,9.99940E-003,7.29477E-006
1,1,158,7.00000E+000,3.88600E-009,10.00010E-003,7.31756E-006
1,1,159,8.00000E+000,3.93000E-009,10.00160E-003,7.34292E-006
1,1,160,9.00000E+000,3.97500E-009,10.00060E-003,7.36612E-006
1,1,161,10.00000E+000,3.96700E-009,9.99970E-003,7.38661E-006
1,1,162,11.00000E+000,3.95100E-009,10.00000E-003,7.40719E-006
1,1,163,12.00000E+000,3.93300E-009,10.00160E-003,7.42797E-006
1,1,164,13.00000E+000,3.97100E-009,9.99990E-003,7.45142E-006
1,1,165,14.00000E+000,3.90700E-009,9.99900E-003,7.47632E-006
1,1,166,15.00000E+000,4.07700E-009,10.00020E-003,7.49545E-006
1,1,167,16.00000E+000,4.04300E-009,10.00000E-003,7.51735E-006
1,1,168,17.00000E+000,4.04600E-009,9.99940E-003,7.51864E-006
1,1,169,18.00000E+000,3.64800E-009,10.00050E-003,7.54146E-006
1,1,170,19.00000E+000,3.76400E-009,10.00030E-003,7.56961E-006
1,1,171,20.00000E+000,3.88500E-009,10.00030E-003,7.59515E-006
1,1,172,21.00000E+000,3.95800E-009,10.00120E-003,7.62238E-006
1,1,173,22.00000E+000,4.08200E-009,9.99920E-003,7.64533E-006
1,1,174,23.00000E+000,4.05800E-009,10.00020E-003,7.66871E-006
1,1,175,24.00000E+000,3.96500E-009,10.00080E-003,7.68947E-006
1,1,176,25.00000E+000,4.08500E-009,9.99870E-003,7.71091E-006
1,1,177,26.00000E+000,3.97400E-009,10.00070E-003,7.73460E-006
1,1,178,27.00000E+000,4.11300E-009,9.99940E-003,7.75659E-006
1,1,179,28.00000E+000,4.19300E-009,9.99960E-003,7.77500E-006
1,1,180,29.00000E+000,4.16300E-009,10.00010E-003,7.79672E-006
1,1,181,30.00000E+000,4.22800E-009,10.00020E-003,7.82062E-006
1,1,182,31.00000E+000,4.14000E-009,10.00020E-003,7.84041E-006
1,1,183,32.00000E+000,4.14100E-009,9.99950E-003,7.86230E-006
1,1,184,33.00000E+000,3.95100E-009,9.99970E-003,7.87909E-006
1,1,185,34.00000E+000,4.21400E-009,10.00110E-003,7.89694E-006
1,1,186,35.00000E+000,4.25400E-009,10.00050E-003,7.91863E-006
1,1,187,36.00000E+000,3.94700E-009,10.00110E-003,7.94016E-006
1,1,188,37.00000E+000,4.37200E-009,10.00070E-003,7.95631E-006
1,1,189,38.00000E+000,4.25100E-009,9.99930E-003,7.97558E-006
1,1,190,39.00000E+000,4.33100E-009,10.00030E-003,7.99419E-006
1,1,191,40.00000E+000,4.22400E-009,10.00020E-003,8.01474E-006
1,1,192,41.00000E+000,4.30400E-009,9.99930E-003,8.03460E-006
1,1,193,42.00000E+000,4.39100E-009,9.99910E-003,8.04969E-006
1,1,194,43.00000E+000,4.35100E-009,9.99990E-003,8.06539E-006
1,1,195,44.00000E+000,4.37500E-009,10.00110E-003,8.08248E-006
1,1,196,45.00000E+000,4.28200E-009,10.00000E-003,8.10182E-006
1,1,197,46.00000E+000,4.40000E-009,9.99990E-003,8.12070E-006
1,1,198,47.00000E+000,4.32800E-009,9.99930E-003,8.13436E-006
1,1,199,48.00000E+000,4.02900E-009,10.00010E-003,8.15162E-006
1,1,200,49.00000E+000,4.56600E-009,10.00050E-003,8.17166E-006
1,1,201,50.00000E+000,4.46300E-009,9.99940E-003,8.16416E-006
1,1,202,51.00000E+000,4.10900E-009,9.99930E-003,8.17339E-006
1,1,203,52.00000E+000,4.17900E-009,10.00130E-003,8.19942E-006
1,1,204,53.00000E+000,4.28500E-009,10.00080E-003,8.21990E-006
1,1,205,54.00000E+000,4.32200E-009,9.99990E-003,8.23959E-006
1,1,206,55.00000E+000,5.48100E-009,10.00000E-003,8.25606E-006
1,1,207,56.00000E+000,5.26000E-009,10.00180E-003,8.27237E-006
1,1,208,57.00000E+000,5.81800E-009,10.00060E-003,8.28882E-006
1,1,209,58.00000E+000,5.79000E-009,10.00000E-003,8.30527E-006
1,1,210,59.00000E+000,4.93900E-009,9.99970E-003,8.32620E-006
1,1,211,60.00000E+000,5.38300E-009,9.99940E-003,8.33879E-006
1,1,212,61.00000E+000,5.77300E-009,10.00030E-003,8.35400E-006
1,1,213,62.00000E+000,5.34100E-009,10.00050E-003,8.36783E-006
1,1,214,63.00000E+000,5.67500E-009,10.00010E-003,8.38872E-006
1,1,215,64.00000E+000,5.47300E-009,10.00030E-003,8.40488E-006
1,1,216,65.00000E+000,5.50700E-009,9.99930E-003,8.41753E-006
1,1,217,66.00000E+000,5.28200E-009,9.99980E-003,8.43008E-006
1,1,218,67.00000E+000,4.81900E-009,10.00040E-003,8.44338E-006
1,1,219,68.00000E+000,5.44700E-009,10.00050E-003,8.45897E-006
1,1,220,69.00000E+000,5.30300E-009,10.00030E-003,8.47282E-006
1,1,221,70.00000E+000,5.32200E-009,9.99970E-003,8.48421E-006
1,1,222,71.00000E+000,5.66200E-009,10.00040E-003,8.49523E-006
1,1,223,72.00000E+000,5.28500E-009,10.00030E-003,8.51088E-006
1,1,224,73.00000E+000,5.20900E-009,9.99950E-003,8.52471E-006
1,1,225,74.00000E+000,5.17100E-009,10.00000E-003,8.53982E-006
1,1,226,75.00000E+000,4.74000E-009,9.99960E-003,8.55002E-006
1,1,227,76.00000E+000,5.25300E-009,10.00100E-003,8.56147E-006
1,1,228,77.00000E+000,5.28100E-009,10.00060E-003,8.57205E-006
1,1,229,78.00000E+000,4.88100E-009,10.00040E-003,8.58617E-006
1,1,230,79.00000E+000,5.12000E-009,9.99870E-003,8.59895E-006
1,1,231,80.00000E+000,5.25600E-009,9.99990E-003,8.60796E-006
1,1,232,81.00000E+000,5.20700E-009,10.00050E-003,8.62055E-006
1,1,233,82.00000E+000,5.12500E-009,9.99960E-003,8.63140E-006
1,1,234,83.00000E+000,5.21100E-009,9.99990E-003,8.60535E-006
1,1,235,84.00000E+000,4.81100E-009,10.00030E-003,8.61736E-006
1,1,236,85.00000E+000,4.97900E-009,10.00000E-003,8.63411E-006
1,1,237,86.00000E+000,5.02800E-009,10.00130E-003,8.65161E-006
1,1,238,87.00000E+000,5.02300E-009,10.00020E-003,8.66917E-006
1,1,239,88.00000E+000,5.10500E-009,10.00060E-003,8.68153E-006
1,1,240,89.00000E+000,5.16200E-009,9.99990E-003,8.69389E-006
1,1,241,90.00000E+000,4.75400E-009,9.99960E-003,8.70569E-006
1,1,242,91.00000E+000,4.75600E-009,9.99990E-003,8.71817E-006
1,1,243,92.00000E+000,5.28300E-009,10.00000E-003,8.73229E-006
1,1,244,93.00000E+000,5.23400E-009,9.99910E-003,8.74554E-006
1,1,245,94.00000E+000,5.12700E-009,10.00010E-003,8.75509E-006
1,1,246,95.00000E+000,4.84000E-009,9.99950E-003,8.76528E-006
1,1,247,96.00000E+000,5.19900E-009,10.00030E-003,8.77684E-006
1,1,248,97.00000E+000,5.32900E-009,10.00010E-003,8.79051E-006
1,1,249,98.00000E+000,5.25300E-009,10.00000E-003,8.80276E-006
1,1,250,99.00000E+000,5.44000E-009,10.00130E-003,8.80918E-006
1,1,251,100.00000E+000,5.38800E-009,10.00080E-003,8.81807E-006
1,1,252,101.00000E+000,5.29400E-009,10.00050E-003,8.82665E-006
1,1,253,102.00000E+000,5.18300E-009,10.00030E-003,8.83926E-006
1,1,254,103.00000E+000,4.87900E-009,9.99870E-003,8.85134E-006
1,1,255,104.00000E+000,5.46000E-009,10.00010E-003,8.85738E-006
1,1,256,105.00000E+000,5.36200E-009,9.99990E-003,8.86585E-006
1,1,257,106.00000E+000,5.44600E-009,10.00030E-003,8.87471E-006
1,1,258,107.00000E+000,5.42200E-009,10.00040E-003,8.88731E-006
1,1,259,108.00000E+000,5.40600E-009,9.99990E-003,8.89661E-006
1,1,260,109.00000E+000,5.52200E-009,10.00080E-003,8.90305E-006
1,1,261,110.00000E+000,5.68300E-009,10.00130E-003,8.91092E-006
1,1,262,111.00000E+000,6.00500E-009,9.99920E-003,8.92172E-006
1,1,263,112.00000E+000,5.54000E-009,10.00090E-003,8.93284E-006
1,1,264,113.00000E+000,5.52100E-009,10.00010E-003,8.93846E-006
1,1,265,114.00000E+000,5.47900E-009,10.00010E-003,8.94694E-006
1,1,266,115.00000E+000,5.53200E-009,10.00010E-003,8.95385E-006
1,1,267,116.00000E+000,5.45600E-009,10.00030E-003,8.91554E-006
1,1,268,117.00000E+000,5.12900E-009,9.99980E-003,8.92514E-006
1,1,269,118.00000E+000,5.28900E-009,9.99980E-003,8.93918E-006
1,1,270,119.00000E+000,7.07800E-009,10.00090E-003,8.95322E-006
1,1,271,120.00000E+000,5.20500E-009,9.99980E-003,8.96600E-006
